0	66.0	1000265600	0.8600	0	0
5	70.0	1500398464	0.8600	0	0
10	68.0	1500398464	0.8600	0	0
15	72.0	1500345728	0.8600	0	0
20	73.0	1500345728	0.8600	0	0
25	73.0	1500345728	0.8600	0	0
30	75.0	1500398464	0.8600	0	0
36	76.0	1500345728	0.8600	0	0
41	75.0	1500345728	0.8600	0	0
46	77.0	1500398464	0.8600	0	0
51	76.0	1500398464	0.8600	0	0
57	77.0	1500398464	0.8600	0	0
62	78.0	1500345728	0.8600	0	0
67	78.0	1500398464	0.8600	0	0
73	78.0	1500398464	0.8600	0	0
78	79.0	1500345728	0.8600	0	0
83	79.0	1500345728	0.8600	0	0
88	79.0	1500345728	0.8600	0	0
94	79.0	1500345728	0.8600	0	0
99	79.0	1500345728	0.8600	0	0
104	79.0	1500398464	0.8600	0	0
110	79.0	1500398464	0.8600	0	0
115	81.0	1500398464	0.8600	0	0
120	81.0	1500345728	0.8600	0	0
126	80.0	1500398464	0.8600	0	0
131	81.0	1500345728	0.8600	0	0
136	81.0	1500345728	0.8600	0	0
142	81.0	1500345728	0.8600	0	0
147	80.0	1500345728	0.8600	0	0
152	82.0	1000265600	0.8600	0	0
157	81.0	1500398464	0.8600	0	0
163	82.0	1500398464	0.8600	0	0
168	81.0	1500345728	0.8600	0	0
173	83.0	1000265600	0.8600	0	0
179	82.0	1500398464	0.8600	0	0
184	82.0	1000265600	0.8600	0	0
189	83.0	1000265600	0.8600	0	0
195	82.0	1000212864	0.8600	0	0
200	82.0	1500345728	0.8600	0	0
205	83.0	1500345728	0.8600	1	0
211	81.0	1000212864	0.8600	0	0
216	83.0	1000212864	0.8600	0	0
221	82.0	1500345728	0.8600	0	0
226	82.0	1500398464	0.8600	0	0
232	81.0	1500345728	0.8600	0	0
237	82.0	1500345728	0.8600	0	0
242	83.0	1000265600	0.8600	1	0
248	82.0	1000265600	0.8600	0	0
253	83.0	1000212864	0.8600	0	0
258	83.0	1500345728	0.8600	0	0
264	82.0	1000265600	0.8600	1	0
269	83.0	1500345728	0.8600	0	0
274	83.0	1500398464	0.8600	0	0
279	82.0	1500398464	0.8600	0	0
285	83.0	1500345728	0.8600	1	0
290	83.0	1000265600	0.8600	0	0
295	83.0	1000265600	0.8600	1	0
301	82.0	1500398464	0.8600	1	0
306	82.0	1500345728	0.8600	1	0
311	83.0	1000212864	0.8600	0	0
317	81.0	1500345728	0.8600	1	0
322	82.0	1500345728	0.8600	0	0
327	82.0	1500345728	0.8600	1	0
333	82.0	1500398464	0.8600	0	0
338	81.0	1500345728	0.8600	1	0
343	82.0	1500345728	0.8600	0	0
349	82.0	1000212864	0.8600	0	0
354	83.0	1000265600	0.8600	0	0
359	82.0	1000265600	0.8600	0	0
364	83.0	1500345728	0.8600	0	0
370	82.0	1000265600	0.8600	0	0
375	82.0	1000265600	0.8600	0	0
380	82.0	1500345728	0.8600	0	0
386	81.0	1000265600	0.8600	0	0
391	82.0	1500345728	0.8600	1	0
396	83.0	1500398464	0.8600	1	0
402	82.0	1500398464	0.8600	0	0
407	82.0	1000265600	0.8600	0	0
412	82.0	1000265600	0.8600	0	0
418	83.0	1500345728	0.8600	1	0
423	82.0	1000265600	0.8600	0	0
428	83.0	1000265600	0.8600	1	0
434	83.0	1500345728	0.8600	0	0
439	83.0	1500398464	0.8600	0	0
444	83.0	1500398464	0.8600	0	0
450	83.0	1500345728	0.8600	1	0
455	83.0	1500398464	0.8600	1	0
460	83.0	1500398464	0.8600	1	0
466	82.0	1500345728	0.8600	0	0
471	83.0	1500345728	0.8600	1	0
476	82.0	1500398464	0.8600	1	0
481	83.0	1000212864	0.8600	1	0
487	83.0	1000265600	0.8600	0	0
492	83.0	1000212864	0.8600	1	0
497	83.0	1500398464	0.8600	1	0
503	82.0	1000212864	0.8600	0	0
508	82.0	1500345728	0.8600	1	0
513	83.0	1000265600	0.8600	0	0
519	82.0	1500398464	0.8600	0	0
524	83.0	1500345728	0.8600	0	0
529	83.0	1000265600	0.8600	0	0
535	82.0	1500398464	0.8600	0	0
540	83.0	1000265600	0.8600	0	0
545	82.0	1000265600	0.8600	0	0
551	82.0	1500345728	0.8600	0	0
556	83.0	1500398464	0.8600	1	0
561	83.0	1000265600	0.8600	0	0
567	83.0	1500345728	0.8600	0	0
572	83.0	1000265600	0.8600	1	0
577	84.0	1000265600	0.8600	1	0
583	82.0	1500345728	0.8600	0	0
588	83.0	1500345728	0.8600	0	0
593	82.0	1000212864	0.8600	1	0
598	84.0	1500345728	0.8600	0	0
604	82.0	1000265600	0.8600	0	0
609	83.0	1500345728	0.8600	1	0
614	83.0	1000265600	0.8600	0	0
620	82.0	1500398464	0.8600	1	0
625	83.0	1000265600	0.8600	1	0
630	82.0	1500398464	0.8600	0	0
636	83.0	1000265600	0.8600	0	0
641	82.0	1000265600	0.8600	0	0
646	82.0	1500345728	0.8600	1	0
652	82.0	1000265600	0.8600	1	0
657	82.0	1500345728	0.8600	1	0
662	83.0	1000212864	0.8600	1	0
668	83.0	1500398464	0.8600	1	0
673	83.0	1000265600	0.8600	1	0
678	82.0	1500398464	0.8600	0	0
684	83.0	1000212864	0.8600	1	0
689	82.0	1500345728	0.8600	1	0
694	82.0	1000212864	0.8600	0	0
700	81.0	1000265600	0.8600	0	0
705	83.0	1000212864	0.8600	0	0
710	83.0	1000212864	0.8600	0	0
716	82.0	1000265600	0.8600	1	0
721	83.0	1000212864	0.8600	0	0
726	82.0	1500345728	0.8600	1	0
732	83.0	1000265600	0.8600	1	0
737	83.0	1000212864	0.8600	1	0
742	82.0	1000265600	0.8600	0	0
747	83.0	1500345728	0.8600	0	0
753	82.0	1000265600	0.8600	1	0
758	83.0	1000265600	0.8600	1	0
763	82.0	1000265600	0.8600	1	0
769	82.0	1000265600	0.8600	1	0
774	81.0	1500345728	0.8600	0	0
779	82.0	1500398464	0.8600	0	0
785	82.0	1500398464	0.8600	1	0
790	82.0	1000265600	0.8600	1	0
795	83.0	1500345728	0.8600	1	0
801	82.0	1500345728	0.8600	0	0
806	83.0	1000265600	0.8600	1	0
811	82.0	1500398464	0.8600	1	0
817	83.0	1000212864	0.8600	1	0
822	82.0	1500398464	0.8600	0	0
827	83.0	1000265600	0.8600	0	0
833	82.0	1500345728	0.8600	0	0
838	83.0	1000265600	0.8600	0	0
843	83.0	1000265600	0.8600	1	0
848	83.0	1000212864	0.8600	1	0
854	83.0	1500345728	0.8600	0	0
859	83.0	1000212864	0.8600	1	0
864	83.0	1500345728	0.8600	1	0
870	83.0	1000265600	0.8600	0	0
875	84.0	1000265600	0.8600	0	0
880	82.0	1500398464	0.8600	1	0
886	82.0	1000212864	0.8600	1	0
891	83.0	1000265600	0.8600	1	0
896	84.0	1000265600	0.8600	1	0
902	83.0	1000212864	0.8600	1	0
907	83.0	1000212864	0.8600	0	0
912	82.0	1500345728	0.8600	0	0
917	82.0	1500345728	0.8600	1	0
923	83.0	1000265600	0.8600	1	0
928	83.0	1000265600	0.8600	0	0
933	83.0	1000212864	0.8600	1	0
938	83.0	1000265600	0.8600	1	0
944	83.0	1500398464	0.8600	0	0
949	82.0	1500345728	0.8600	1	0
954	82.0	1500398464	0.8600	1	0
960	83.0	1000265600	0.8600	1	0
965	83.0	1000265600	0.8600	1	0
970	83.0	1000265600	0.8600	1	0
976	83.0	1000265600	0.8600	1	0
981	83.0	1000265600	0.8600	1	0
986	83.0	1000265600	0.8600	1	0
992	83.0	1000265600	0.8600	1	0
997	83.0	1500398464	0.8600	1	0
1002	82.0	1000212864	0.8600	1	0
1008	83.0	1500345728	0.8600	1	0
1013	83.0	1000265600	0.8600	1	0
1018	82.0	1500398464	0.8600	0	0
1024	82.0	1000265600	0.8600	1	0
1029	82.0	1500398464	0.8600	1	0
1035	83.0	1000212864	0.8600	0	0
1040	82.0	1000212864	0.8600	1	0
1045	84.0	1000265600	0.8600	1	0
1050	83.0	1500345728	0.8600	1	0
1056	83.0	1000265600	0.8600	0	0
1061	84.0	1000212864	0.8600	1	0
1066	82.0	1000265600	0.8600	1	0
1072	84.0	1000212864	0.8600	1	0
1077	84.0	1000265600	0.8600	1	0
1082	83.0	1000265600	0.8600	1	0
1088	83.0	1000265600	0.8600	1	0
1093	83.0	1000265600	0.8600	0	0
1098	83.0	1000265600	0.8600	1	0
1104	82.0	1000212864	0.8600	0	0
1109	83.0	1000265600	0.8600	0	0
1114	83.0	1000265600	0.8600	1	0
1120	84.0	1000212864	0.8600	1	0
1125	82.0	1500345728	0.8600	1	0
1131	84.0	1000265600	0.8600	0	0
1136	83.0	1000265600	0.8600	1	0
1141	83.0	1000265600	0.8600	1	0
1147	83.0	1000212864	0.8600	1	0
1152	83.0	1000265600	0.8600	0	0
1157	83.0	1000212864	0.8600	1	0
1163	83.0	1000265600	0.8600	1	0
1168	83.0	1000212864	0.8600	1	0
1174	83.0	1000212864	0.8600	0	0
1179	82.0	1500398464	0.8600	0	0
1184	84.0	1000212864	0.8600	1	0
1189	83.0	1000212864	0.8600	1	0
1195	83.0	1000265600	0.8600	1	0
1200	83.0	1000265600	0.8600	1	0
1206	83.0	1000212864	0.8600	1	0
1211	83.0	1000265600	0.8600	1	0
1216	83.0	1000212864	0.8600	1	0
1222	83.0	1000265600	0.8600	1	0
1227	84.0	1500398464	0.8600	1	0
1232	82.0	1000212864	0.8600	0	0
1238	83.0	1000265600	0.8600	0	0
1243	84.0	1000265600	0.8600	1	0
1248	83.0	1000265600	0.8600	1	0
1254	82.0	1500345728	0.8600	1	0
1259	83.0	1500398464	0.8600	1	0
1264	82.0	1000265600	0.8600	1	0
1270	83.0	1000265600	0.8600	1	0
1275	82.0	1500398464	0.8600	1	0
1280	83.0	1000265600	0.8600	0	0
1286	82.0	1000265600	0.8600	1	0
1291	83.0	1000265600	0.8600	1	0
1297	83.0	1000212864	0.8600	1	0
1302	83.0	1000212864	0.8600	1	0
1307	82.0	1000265600	0.8600	0	0
1313	82.0	1000265600	0.8600	0	0
1318	83.0	1000265600	0.8600	1	0
1323	83.0	1000212864	0.8600	1	0
1329	83.0	1500398464	0.8600	0	0
1334	83.0	1000265600	0.8600	1	0
1339	82.0	1000212864	0.8600	1	0
1345	83.0	1000212864	0.8600	1	0
1350	83.0	1000212864	0.8600	1	0
1355	83.0	1000265600	0.8600	1	0
1360	84.0	1000265600	0.8600	1	0
1366	82.0	1500398464	0.8600	1	0
1371	82.0	1000265600	0.8600	1	0
1376	82.0	1000265600	0.8600	1	0
1382	83.0	1000265600	0.8600	1	0
1387	83.0	1000265600	0.8600	1	0
1392	83.0	1000265600	0.8600	1	0
1398	83.0	1000265600	0.8600	1	0
1403	83.0	1000265600	0.8600	1	0
1409	84.0	1000265600	0.8600	1	0
1414	83.0	1000212864	0.8600	0	0
1419	83.0	1000265600	0.8600	1	0
1425	83.0	1000265600	0.8600	1	0
1430	83.0	1000265600	0.8600	1	0
1435	84.0	1000212864	0.8600	0	0
1441	84.0	1500345728	0.8600	0	0
1446	82.0	1500345728	0.8600	1	0
1451	82.0	1500345728	0.8600	0	0
1456	83.0	1000212864	0.8600	1	0
1462	83.0	1000265600	0.8600	1	0
1467	82.0	1000265600	0.8600	1	0
1472	83.0	1000265600	0.8600	0	0
1478	83.0	1500398464	0.8600	1	0
1483	83.0	1000212864	0.8600	1	0
1489	83.0	1500398464	0.8600	1	0
1494	83.0	1000212864	0.8600	1	0
1499	84.0	1000265600	0.8600	1	0
1505	83.0	1000265600	0.8600	1	0
1510	82.0	1000212864	0.8600	1	0
1515	83.0	1000212864	0.8600	1	0
1521	84.0	1000212864	0.8600	1	0
1526	83.0	1000212864	0.8600	1	0
1531	84.0	1000265600	0.8600	1	0
1537	83.0	1000212864	0.8600	1	0
1542	82.0	1500345728	0.8600	1	0
1547	83.0	1500398464	0.8600	1	0
1553	82.0	1000265600	0.8600	1	0
1558	83.0	1000265600	0.8600	1	0
1563	84.0	1000265600	0.8600	1	0
1569	83.0	1000212864	0.8600	1	0
1574	83.0	1000265600	0.8600	1	0
1579	84.0	1000265600	0.8600	1	0
1585	83.0	1000212864	0.8600	1	0
1590	83.0	1500345728	0.8600	1	0
1596	84.0	1000212864	0.8600	1	0
1601	84.0	1000265600	0.8600	1	0
1606	82.0	1000265600	0.8600	0	0
1612	82.0	1500398464	0.8600	1	0
1617	83.0	1000265600	0.8600	1	0
1622	83.0	1000212864	0.8600	1	0
1628	83.0	1000265600	0.8600	1	0
1633	84.0	1000265600	0.8600	1	0
1638	82.0	1500345728	0.8600	1	0
1644	84.0	1500398464	0.8600	1	0
1649	83.0	1000265600	0.8600	1	0
1654	84.0	1000265600	0.8600	1	0
1660	83.0	1500398464	0.8600	1	0
1665	83.0	1000265600	0.8600	0	0
1670	84.0	1000265600	0.8600	1	0
1675	83.0	1000212864	0.8600	1	0
1681	82.0	1500345728	0.8600	0	0
1686	83.0	1000212864	0.8600	1	0
1692	84.0	1000212864	0.8600	1	0
1697	83.0	1000265600	0.8600	1	0
1702	83.0	1500345728	0.8600	1	0
1708	83.0	1000265600	0.8600	1	0
1713	83.0	1500345728	0.8600	1	0
1718	83.0	1000265600	0.8600	1	0
1724	82.0	1000265600	0.8600	1	0
1729	83.0	1000212864	0.8600	0	0
1734	83.0	1000212864	0.8600	1	0
1740	83.0	1000212864	0.8600	1	0
1745	84.0	1000265600	0.8600	1	0
1750	83.0	1500398464	0.8600	1	0
1756	83.0	1000212864	0.8600	1	0
1761	84.0	1000265600	0.8600	1	0
1766	83.0	1000265600	0.8600	1	0
1772	83.0	1000265600	0.8600	1	0
1777	82.0	1000265600	0.8600	1	0
1782	82.0	1000212864	0.8600	0	0
1788	84.0	1000212864	0.8600	1	0
1793	83.0	1000265600	0.8600	1	0
1798	83.0	1000212864	0.8600	1	0
1804	83.0	1000265600	0.8600	1	0
1809	82.0	1500345728	0.8600	0	0
1814	83.0	1000265600	0.8600	1	0
1820	84.0	1000265600	0.8600	1	0
1825	83.0	1000212864	0.8600	1	0
1830	83.0	1000265600	0.8600	1	0
1836	83.0	1000265600	0.8600	1	0
1841	83.0	1000265600	0.8600	1	0
1846	83.0	1500345728	0.8600	1	0
1852	83.0	1000212864	0.8600	1	0
1857	83.0	1000212864	0.8600	1	0
1862	83.0	1000212864	0.8600	1	0
1868	83.0	1000212864	0.8600	0	0
1873	83.0	1000212864	0.8600	1	0
1878	84.0	1000265600	0.8600	1	0
1884	83.0	1000265600	0.8600	0	0
1889	83.0	1000265600	0.8600	1	0
1895	82.0	1500345728	0.8600	1	0
1900	83.0	1000265600	0.8600	1	0
1905	84.0	1000265600	0.8600	0	0
1910	83.0	1500345728	0.8600	1	0
1916	83.0	1000265600	0.8600	1	0
1921	83.0	1000212864	0.8600	1	0
1926	83.0	1000265600	0.8600	1	0
1932	84.0	1000212864	0.8600	1	0
1937	84.0	1000212864	0.8600	1	0
1942	83.0	1000212864	0.8600	1	0
1948	82.0	1000265600	0.8600	1	0
1953	83.0	1000265600	0.8600	0	0
1958	83.0	1000212864	0.8600	1	0
1964	82.0	1000265600	0.8600	0	0
1969	83.0	1000212864	0.8600	1	0
1974	83.0	1000212864	0.8600	1	0
1980	84.0	1000212864	0.8600	1	0
1985	83.0	1000265600	0.8600	0	0
1990	83.0	1000265600	0.8600	1	0
1995	83.0	1000265600	0.8600	1	0
2001	83.0	1000212864	0.8600	1	0
2006	83.0	1000265600	0.8600	1	0
2012	84.0	1000265600	0.8600	1	0
2017	83.0	1000212864	0.8600	1	0
2022	83.0	1500345728	0.8600	1	0
2028	84.0	1000265600	0.8600	1	0
2033	83.0	1000265600	0.8600	1	0
2038	83.0	1000212864	0.8600	1	0
2044	83.0	1000265600	0.8600	1	0
2049	83.0	1500345728	0.8600	1	0
2054	83.0	1000265600	0.8600	1	0
2059	83.0	1000265600	0.8600	0	0
2065	83.0	1000212864	0.8600	1	0
2070	82.0	1500398464	0.8600	1	0
2075	83.0	1000212864	0.8600	1	0
2081	84.0	1000265600	0.8600	1	0
2086	83.0	1000212864	0.8600	1	0
2091	84.0	1500345728	0.8600	0	0
2097	82.0	1000265600	0.8600	1	0
2102	83.0	1000265600	0.8600	1	0
2107	83.0	1000212864	0.8600	1	0
2113	83.0	1000265600	0.8600	0	0
2118	83.0	1000265600	0.8600	1	0
2123	84.0	1000265600	0.8600	1	0
2129	83.0	1000265600	0.8600	1	0
2134	82.0	1000212864	0.8600	1	0
2139	84.0	1000265600	0.8600	1	0
2145	83.0	1000265600	0.8600	1	0
2150	84.0	1000265600	0.8600	0	0
2156	83.0	1000212864	0.8600	1	0
2161	82.0	1000265600	0.8600	1	0
2166	83.0	1000265600	0.8600	1	0
2171	84.0	1000265600	0.8600	1	0
2177	83.0	1000212864	0.8600	1	0
2182	83.0	1000265600	0.8600	1	0
2187	83.0	1000265600	0.8600	1	0
2193	83.0	1000265600	0.8600	1	0
2198	83.0	1000265600	0.8600	1	0
2203	83.0	1000212864	0.8600	1	0
2209	83.0	1000265600	0.8600	1	0
2214	82.0	1000212864	0.8600	1	0
2219	83.0	1000265600	0.8600	1	0
2225	83.0	1000212864	0.8600	1	0
2230	84.0	1000265600	0.8600	1	0
2236	83.0	1000265600	0.8600	1	0
2241	84.0	1500345728	0.8600	1	0
2246	83.0	1000265600	0.8600	1	0
2252	84.0	1000265600	0.8600	1	0
2257	83.0	1000265600	0.8600	1	0
2262	84.0	1000265600	0.8600	1	0
2268	84.0	1000265600	0.8600	1	0
2273	82.0	1000265600	0.8600	1	0
2278	84.0	1000265600	0.8600	1	0
2283	83.0	1000212864	0.8600	1	0
2289	82.0	1000265600	0.8600	1	0
2294	84.0	1000265600	0.8600	1	0
2299	83.0	1000265600	0.8600	1	0
2305	83.0	1000265600	0.8600	1	0
2310	83.0	1000212864	0.8600	1	0
2315	83.0	1000212864	0.8600	1	0
2321	83.0	1000212864	0.8600	1	0
2326	84.0	1000265600	0.8600	1	0
2331	83.0	1000212864	0.8600	1	0
2336	84.0	1000212864	0.8600	1	0
2342	83.0	1000265600	0.8600	1	0
2347	83.0	1000265600	0.8600	1	0
2352	83.0	1000212864	0.8600	0	0
2358	82.0	1000265600	0.8600	1	0
2363	83.0	1000265600	0.8600	0	0
2369	84.0	1000265600	0.8600	1	0
2374	83.0	1000212864	0.8600	0	0
2379	83.0	1000212864	0.8600	1	0
2385	84.0	1000265600	0.8600	1	0
2390	83.0	1000265600	0.8600	1	0
2395	83.0	1000265600	0.8600	1	0
2401	84.0	1000212864	0.8600	1	0
2406	83.0	1000212864	0.8600	0	0
2411	83.0	1000212864	0.8600	1	0
2417	83.0	1000265600	0.8600	1	0
2422	83.0	1500345728	0.8600	1	0
2427	83.0	1000265600	0.8600	1	0
2433	83.0	1000212864	0.8600	1	0
2438	83.0	1000212864	0.8600	1	0
2443	83.0	1000212864	0.8600	1	0
2449	84.0	1000212864	0.8600	1	0
2454	84.0	1000265600	0.8600	1	0
2459	82.0	1000212864	0.8600	1	0
2464	82.0	1000265600	0.8600	1	0
2470	83.0	1000212864	0.8600	0	0
2475	83.0	1000265600	0.8600	0	0
2481	84.0	1000212864	0.8600	1	0
2486	83.0	1000265600	0.8600	1	0
2491	83.0	1000212864	0.8600	1	0
2496	83.0	1000265600	0.8600	0	0
2502	84.0	1000212864	0.8600	1	0
2507	84.0	1000212864	0.8600	1	0
2512	84.0	1000212864	0.8600	1	0
2518	83.0	1000212864	0.8600	1	0
2523	84.0	1000212864	0.8600	1	0
2528	84.0	1000265600	0.8600	1	0
2534	83.0	1000265600	0.8600	1	0
2539	83.0	1000265600	0.8600	1	0
2544	84.0	1000265600	0.8600	1	0
2550	85.0	1000265600	0.8600	0	0
2555	85.0	1000212864	0.8600	1	0
2560	85.0	1000265600	0.8600	1	0
2566	83.0	1000212864	0.8600	1	0
2571	83.0	1000212864	0.8600	1	0
2577	83.0	1000265600	0.8600	0	0
2582	83.0	1000265600	0.8600	1	0
2587	83.0	1000265600	0.8600	1	0
2592	83.0	1000265600	0.8600	1	0
2598	84.0	1000212864	0.8600	1	0
2603	84.0	1000265600	0.8600	1	0
2608	83.0	1000265600	0.8600	1	0
2614	84.0	1000265600	0.8600	1	0
2619	83.0	1000265600	0.8600	1	0
2624	83.0	1000265600	0.8600	1	0
2630	84.0	1000212864	0.8600	1	0
2635	83.0	1000265600	0.8600	1	0
2640	82.0	1000212864	0.8600	1	0
2646	82.0	1000265600	0.8600	1	0
2651	83.0	1000212864	0.8600	1	0
2657	83.0	1000212864	0.8600	0	0
2662	83.0	1000265600	0.8600	1	0
2667	84.0	1000265600	0.8600	1	0
2673	83.0	1000212864	0.8600	1	0
2678	83.0	1000265600	0.8600	1	0
2683	84.0	1000212864	0.8600	1	0
2688	83.0	1000265600	0.8600	1	0
2694	84.0	1000265600	0.8600	1	0
2699	83.0	1000265600	0.8600	1	0
2704	84.0	1000212864	0.8600	1	0
2710	83.0	1000265600	0.8600	1	0
2715	83.0	1000265600	0.8600	1	0
2720	83.0	1000265600	0.8600	1	0
2726	84.0	1000212864	0.8600	1	0
2731	82.0	1000265600	0.8600	1	0
2736	83.0	1000212864	0.8600	1	0
2742	84.0	1000265600	0.8600	1	0
2747	82.0	1500345728	0.8600	0	0
2753	83.0	1000265600	0.8600	1	0
2758	83.0	1000212864	0.8600	1	0
2763	83.0	1000212864	0.8600	1	0
2769	83.0	1000265600	0.8600	1	0
2774	83.0	1000265600	0.8600	1	0
2779	84.0	1000265600	0.8600	1	0
2785	83.0	1000265600	0.8600	1	0
2790	83.0	1000212864	0.8600	1	0
2795	83.0	1000265600	0.8600	1	0
2801	84.0	1000265600	0.8600	1	0
2806	84.0	1000212864	0.8600	1	0
2811	83.0	1000265600	0.8600	1	0
2817	83.0	1000212864	0.8600	1	0
2822	84.0	1500345728	0.8600	1	0
2828	83.0	1000265600	0.8600	0	0
2833	83.0	1000265600	0.8600	1	0
2838	84.0	1000212864	0.8600	1	0
2844	82.0	1000265600	0.8600	1	0
2849	83.0	1000265600	0.8600	0	0
2854	83.0	1000212864	0.8600	1	0
2860	83.0	1000212864	0.8600	1	0
2865	83.0	1000265600	0.8600	1	0
2870	83.0	1000212864	0.8600	1	0
2876	84.0	1000265600	0.8600	0	0
2881	83.0	1500398464	0.8600	1	0
2886	84.0	1000265600	0.8600	1	0
2892	82.0	1000212864	0.8600	1	0
2897	84.0	1000265600	0.8600	1	0
2902	83.0	1000212864	0.8600	0	0
2907	84.0	1000212864	0.8600	1	0
2913	84.0	1500345728	0.8600	1	0
2918	83.0	1000265600	0.8600	1	0
2923	83.0	1000265600	0.8600	0	0
2929	84.0	1000212864	0.8600	1	0
2934	84.0	1000265600	0.8600	1	0
2939	84.0	1000265600	0.8600	1	0
2945	83.0	1000265600	0.8600	1	0
2950	83.0	1000265600	0.8600	1	0
2955	83.0	1000212864	0.8600	1	0
2961	84.0	1000212864	0.8600	1	0
2966	83.0	1500345728	0.8600	1	0
2971	83.0	1000265600	0.8600	1	0
2977	83.0	1000212864	0.8600	1	0
2982	84.0	1000265600	0.8600	0	0
2987	83.0	1000265600	0.8600	1	0
2993	83.0	1000265600	0.8600	1	0
2998	83.0	1500345728	0.8600	1	0
3003	84.0	1000212864	0.8600	1	0
3009	84.0	1000212864	0.8600	1	0
3014	83.0	1000265600	0.8600	1	0
3019	82.0	1000265600	0.8600	1	0
3025	83.0	1000265600	0.8600	1	0
3030	83.0	1000212864	0.8600	1	0
3035	83.0	1500398464	0.8600	1	0
3041	84.0	1000265600	0.8600	1	0
3046	83.0	1000212864	0.8600	1	0
3051	83.0	1000265600	0.8600	1	0
3057	83.0	1000212864	0.8600	1	0
3062	84.0	1500345728	0.8600	1	0
3067	82.0	1000265600	0.8600	0	0
3073	83.0	1500345728	0.8600	1	0
3078	83.0	1000265600	0.8600	1	0
3083	83.0	1000265600	0.8600	1	0
3089	83.0	1000265600	0.8600	1	0
3094	83.0	1000265600	0.8600	1	0
3099	83.0	1000265600	0.8600	1	0
3105	84.0	1500398464	0.8600	1	0
3110	83.0	1000265600	0.8600	1	0
3116	83.0	1500398464	0.8600	1	0
3121	84.0	1000265600	0.8600	1	0
3126	84.0	1000212864	0.8600	1	0
3132	83.0	1000265600	0.8600	1	0
3137	83.0	1000212864	0.8600	1	0
3142	84.0	1000265600	0.8600	1	0
3147	83.0	1500345728	0.8600	1	0
3153	83.0	1000212864	0.8600	1	0
3158	84.0	1000265600	0.8600	1	0
3163	83.0	1000212864	0.8600	1	0
3169	84.0	1000265600	0.8600	1	0
3174	84.0	1000212864	0.8600	0	0
3179	84.0	1000265600	0.8600	1	0
3185	83.0	1000212864	0.8600	1	0
3190	83.0	1000265600	0.8600	1	0
3195	83.0	1000265600	0.8600	1	0
3201	83.0	1000212864	0.8600	1	0
3206	83.0	1500345728	0.8600	1	0
3212	83.0	1000265600	0.8600	1	0
3217	84.0	1000265600	0.8600	1	0
3222	83.0	1500345728	0.8600	1	0
3227	83.0	1000212864	0.8600	1	0
3233	84.0	1000265600	0.8600	1	0
3238	83.0	1000212864	0.8600	1	0
3243	83.0	1000265600	0.8600	1	0
3249	83.0	1000265600	0.8600	1	0
3254	84.0	1000265600	0.8600	1	0
3259	83.0	1000212864	0.8600	1	0
3265	83.0	1000265600	0.8600	1	0
3270	82.0	1000212864	0.8600	1	0
3276	83.0	1000212864	0.8600	1	0
3281	84.0	1000212864	0.8600	1	0
3286	83.0	1000265600	0.8600	1	0
3292	83.0	1000265600	0.8600	1	0
3297	82.0	1500345728	0.8600	1	0
3302	83.0	1000265600	0.8600	0	0
3308	83.0	1000265600	0.8600	0	0
3313	83.0	1000265600	0.8600	1	0
3318	85.0	1000265600	0.8600	1	0
3324	84.0	1000265600	0.8600	1	0
3329	83.0	1000212864	0.8600	1	0
3334	83.0	1000265600	0.8600	1	0
3340	83.0	1000265600	0.8600	1	0
3345	83.0	1000212864	0.8600	1	0
3350	84.0	1000265600	0.8600	1	0
3355	83.0	1000265600	0.8600	0	0
3361	83.0	1000212864	0.8600	1	0
3366	84.0	1000265600	0.8600	1	0
3371	83.0	1000212864	0.8600	0	0
3377	82.0	1000265600	0.8600	1	0
3382	82.0	1000265600	0.8600	1	0
3387	83.0	1500345728	0.8600	1	0
3393	83.0	1500398464	0.8600	1	0
3398	83.0	1000265600	0.8600	1	0
3403	83.0	1000265600	0.8600	1	0
3409	83.0	1000265600	0.8600	0	0
3414	84.0	1000212864	0.8600	0	0
3419	83.0	1000265600	0.8600	1	0
3425	84.0	1500398464	0.8600	1	0
3430	84.0	1000265600	0.8600	1	0
3435	84.0	1500345728	0.8600	1	0
3441	83.0	1000265600	0.8600	1	0
3446	83.0	1000212864	0.8600	1	0
3451	83.0	1000265600	0.8600	1	0
3457	84.0	1000265600	0.8600	1	0
3462	83.0	1500345728	0.8600	1	0
3467	83.0	1000212864	0.8600	1	0
3473	82.0	1000265600	0.8600	1	0
3478	84.0	1000265600	0.8600	1	0
3484	83.0	1000265600	0.8600	1	0
3489	84.0	1000212864	0.8600	0	0
3494	84.0	1000265600	0.8600	1	0
3500	83.0	1000212864	0.8600	1	0
3505	83.0	1000212864	0.8600	1	0
3510	83.0	1000265600	0.8600	0	0
3516	84.0	1000265600	0.8600	1	0
3521	83.0	1000212864	0.8600	1	0
3526	83.0	1000265600	0.8600	0	0
3531	83.0	1000212864	0.8600	1	0
3537	83.0	1500398464	0.8600	1	0
3542	83.0	1000265600	0.8600	1	0
3547	84.0	1500345728	0.8600	1	0
3553	83.0	1500345728	0.8600	1	0
3558	83.0	1000212864	0.8600	1	0
3563	83.0	1000212864	0.8600	0	0
3569	83.0	1500345728	0.8600	1	0
3574	83.0	1000212864	0.8600	1	0
3579	83.0	1000265600	0.8600	0	0
3585	83.0	1000212864	0.8600	1	0
3590	83.0	1000212864	0.8600	1	0
3595	84.0	1000265600	0.8600	1	0
3601	83.0	1500345728	0.8600	1	0
3606	83.0	1000265600	0.8600	1	0
3611	83.0	1000265600	0.8600	0	0
3617	84.0	1000212864	0.8600	1	0
3622	84.0	1000212864	0.8600	1	0
3627	84.0	1000265600	0.8600	1	0
3633	83.0	1000265600	0.8600	1	0
3638	82.0	1000265600	0.8600	1	0
3643	83.0	1000212864	0.8600	0	0
3649	83.0	1000212864	0.8600	0	0
3654	83.0	1000265600	0.8600	1	0
3660	84.0	1000212864	0.8600	1	0
3665	83.0	1000265600	0.8600	1	0
3670	83.0	1000265600	0.8600	1	0
3675	83.0	1000265600	0.8600	1	0
3681	83.0	1000212864	0.8600	1	0
3686	83.0	1000212864	0.8600	0	0
3691	83.0	1000265600	0.8600	1	0
3697	83.0	1500345728	0.8600	0	0
3702	84.0	1000265600	0.8600	1	0
3707	83.0	1000265600	0.8600	1	0
3713	84.0	1000265600	0.8600	1	0
3718	83.0	1000265600	0.8600	0	0
3723	83.0	1000265600	0.8600	1	0
3729	83.0	1000212864	0.8600	1	0
3734	83.0	1000265600	0.8600	1	0
3739	82.0	1500345728	0.8600	1	0
3745	82.0	1000212864	0.8600	0	0
3750	84.0	1000212864	0.8600	1	0
3756	82.0	1500398464	0.8600	1	0
3761	83.0	1000212864	0.8600	1	0
3766	83.0	1000265600	0.8600	1	0
3772	83.0	1000265600	0.8600	0	0
3777	83.0	1000212864	0.8600	0	0
3782	84.0	1500398464	0.8600	1	0
3788	83.0	1000265600	0.8600	1	0
3793	84.0	1000212864	0.8600	1	0
3798	84.0	1000265600	0.8600	0	0
3804	83.0	1000265600	0.8600	1	0
3809	83.0	1000212864	0.8600	1	0
3814	83.0	1000212864	0.8600	1	0
3820	84.0	1000265600	0.8600	1	0
3825	82.0	1500398464	0.8600	1	0
3830	83.0	1000212864	0.8600	1	0
3836	82.0	1000265600	0.8600	1	0
3841	83.0	1000265600	0.8600	1	0
3846	83.0	1000265600	0.8600	1	0
3852	83.0	1000265600	0.8600	1	0
3857	84.0	1000265600	0.8600	1	0
3862	84.0	1500398464	0.8600	1	0
3868	83.0	1000265600	0.8600	1	0
3873	84.0	1000265600	0.8600	1	0
3878	83.0	1000265600	0.8600	1	0
3884	83.0	1000212864	0.8600	1	0
3889	84.0	1000265600	0.8600	1	0
3894	84.0	1000265600	0.8600	1	0
3900	83.0	1000265600	0.8600	1	0
3905	84.0	1000212864	0.8600	1	0
3911	84.0	1000265600	0.8600	1	0
3916	83.0	1000265600	0.8600	1	0
3921	82.0	1500398464	0.8600	0	0
3926	81.0	1500345728	0.8600	0	0
3931	81.0	1500345728	0.8600	0	0
3936	80.0	1500345728	0.8600	0	0
3942	79.0	1500398464	0.8600	0	0
3947	79.0	1500398464	0.8600	0	0
3952	82.0	1500398464	0.8600	0	0
3957	81.0	1500398464	0.8600	0	0
3962	83.0	1000265600	0.8600	0	0
3967	83.0	1500398464	0.8600	1	0
3974	81.0	1000265600	0.8600	1	0
3979	83.0	1000212864	0.8600	0	0
3984	83.0	1000265600	0.8600	1	0
3990	83.0	1500398464	0.8600	1	0
3995	83.0	1000265600	0.8600	1	0
4000	84.0	1000265600	0.8600	1	0
4006	83.0	1000212864	0.8600	1	0
4011	83.0	1000212864	0.8600	1	0
4016	82.0	1500345728	0.8600	1	0
4022	83.0	1000265600	0.8600	1	0
4027	84.0	1000212864	0.8600	1	0
4032	84.0	1000265600	0.8600	1	0
4038	83.0	1000212864	0.8600	1	0
4043	83.0	1000212864	0.8600	1	0
4048	82.0	1000212864	0.8600	1	0
4054	83.0	1000212864	0.8600	1	0
4059	83.0	1000212864	0.8600	1	0
4064	83.0	1000265600	0.8600	1	0
4069	83.0	1000265600	0.8600	0	0
4075	83.0	1000265600	0.8600	1	0
4080	83.0	1000265600	0.8600	1	0
4085	84.0	1000265600	0.8600	1	0
4091	83.0	1500398464	0.8600	1	0
4096	84.0	1000265600	0.8600	1	0
4101	83.0	1000265600	0.8600	1	0
4107	83.0	1000212864	0.8600	1	0
4112	83.0	1000265600	0.8600	1	0
4117	83.0	1000265600	0.8600	1	0
4123	83.0	1000265600	0.8600	1	0
4128	83.0	1000265600	0.8600	1	0
4133	83.0	1000265600	0.8600	1	0
4139	82.0	1000265600	0.8600	1	0
4144	84.0	1000212864	0.8600	1	0
4149	83.0	1000265600	0.8600	1	0
4155	83.0	1000265600	0.8600	1	0
4160	83.0	1000265600	0.8600	1	0
4165	83.0	1000265600	0.8600	1	0
4171	83.0	1000265600	0.8600	1	0
4176	83.0	1000212864	0.8600	1	0
4181	82.0	1000265600	0.8600	1	0
4186	84.0	1000265600	0.8600	1	0
4192	82.0	1000212864	0.8600	1	0
4197	82.0	1500345728	0.8600	1	0
4202	83.0	1000265600	0.8600	1	0
4208	83.0	1000265600	0.8600	1	0
